60237327
60211680
60214613
60247476
60234621
60227783
60238457
60226631
60238295
60218313
60230438
60241518
60240989
60258400
60231299
60241392
60242814
60225231
60231851
60230003
60252140
60220499
60256173
60210541
60209095
60252864
60232130
60220701
60239883
60209553
60211226
60222887
60248266
60212784
60238514
60270630
60229854
60250996
60250793
60248265
60264202
60223404
60210131
60234884
60218070
60222765
60251281
60233211
60260239
60209192
60269002
60232940
60237213
60233341
60264368
60219661
60258751
60208754
60256250
60250271
60264386
60233855
60230887
60243347
60219657
60259640
60243765
60243234
60230303
60267393
60246498
60253689
60212281
60250122
60235310
60221483
60242868
60214082
60233405
60224201
60236962
60218865
60231535
60223073
60254579
60256854
60267287
60261219
60247413
60222138
60239472
60227322
60269018
60258962
60225246
60268699
60224885
60264009
60243726
